 1.88110841 -1.28452916
-1.00271924 -2.00226727
 0.07468744  1.27874472
-1.55985029 -2.25041729
 0.19611046 -2.57636738
 0.60802578  2.28931863
-0.19960717  0.29086039
 0.4942555  -0.45167701
 2.03616387 -2.38482605
 1.48594899 -0.01689661
 0.6528322  -0.40716367
-0.31005595 -2.38749693
 1.18003615 -3.65627723
 1.02494411  0.00823048
 0.47424934 -1.39438596
-1.25928148 -0.03371485
 0.15021019  2.02938964
 0.35186493  0.50791588
-0.40442145 -4.27045864
-0.2232488  -0.42300208
 1.70513348  3.17557088
 1.19024788  1.35898294
-1.18702975 -4.28894151
-1.79082997  2.71042312
 1.74785804 -1.07967793
 1.90766487 -0.76925903
 1.19908058  2.5964801 
 0.20486813 -2.04937647
 0.20928707  2.23601974
-0.97666113  2.29981185
-1.49756143  2.1779436 
-2.05633797 -0.94965737
 0.73264882  2.52411795
-0.709968    1.14752804
 0.44516704  2.12366406
-0.03593625  1.2498837 
 1.04299923 -2.59969109
-0.47936642 -0.7170403 
-1.48862243 -2.93269259
-0.44648864  1.29182038
-0.53922282  0.68636314
 0.8294834  -2.078229  
-2.34693486 -0.17231928
-0.57121537 -0.50830186
 0.77865865  1.51777405
-2.31009538  0.87012391
-0.53594118  2.74816079
-1.19596755 -0.04523249
 2.60800523 -3.12184597
-0.71948061  1.60805858
 1.57806603  1.87616813
-0.03753823 -0.87561282
 0.97767257 -2.38445286
-0.69482186 -0.75497817
-0.73614831 -2.87721103
-0.9954634  -2.21566738
-1.02767527 -0.3621276 
 0.6752976  -2.66675667
 0.27159778  0.55157796
 2.04793599  0.66184988
 1.19268639  3.14986398
 0.82334803 -0.87012778
 1.08829223  1.78597867
 1.13272009 -2.93514729
 0.21634918 -0.54308775
-0.44241645  0.17053901
 0.25996294  0.57137252
 0.0536929   0.56785089
-3.47525766 -0.21135554
-0.37894899 -0.99883205
-0.76881301 -0.47042105
-0.22914633  2.62120123
 1.39170597  0.13406312
 3.33906647  2.16627787
 0.06622376 -2.49888067
 0.24701855 -1.46174153
-0.10583987 -2.42822357
-0.37899881 -2.24009586
 0.08563161  1.68481487
 0.09487735 -2.24339039
 0.94443232  1.78659991
-0.64809299  0.36462652
-0.9824483   2.23427546
 0.684572   -1.38726669
 1.40691988  0.32294505
 0.53739627  0.5619693 
-1.56094555  0.06330461
 0.06815574  0.34655516
 0.307011    1.7735511 
 1.79975318 -2.69433705
-0.15838902  0.28754877
-0.00512075 -0.13678973
 0.06341157  0.99846153
 0.27687061 -3.64382988
-0.13000966  1.31279924
-1.04725804  1.83055977
 1.34241069 -3.15462351
 0.81359598 -2.16238289
 0.59266465 -1.5206412 
-1.07664523  0.85607615
 2.26613626  1.82830652
-1.91414556  2.47992185
-1.21769921  2.34874042
-5.26995905  0.17089737
-0.00804268  1.22814536
 1.8429358   0.54560773
-5.07514691  0.6327199 
 0.46288152  2.92890063
-2.67789228  1.55904869
-1.42755667  2.91634256
-0.67215479  2.01538917
-2.258161    1.04770569
-1.40049258  0.91672984
 0.34659937  2.38323211
 3.10487563  2.45020126
 1.11287717  1.54746982
-1.12153739  1.5586695 
 0.73342051  2.27866805
-1.52931766  3.16672724
 1.70086868  2.01781588
-3.78605685  1.56794695
-0.02669243  1.98119273
 1.47604982  2.64191527
 0.54797062  1.76569854
 6.1007059   2.59610177
 0.84719047  2.58406921
 2.10117548  1.2556608 
 2.14407704  0.7826171 
-1.00013985  2.45495474
-0.95438251  2.51702279
 3.71844877  2.04128585
 1.32010765  1.98953145
 1.81135338  2.90004383
-0.42229345  3.05758499
-1.48120777  3.19905656
 1.36072621  0.83537191
 1.59329462  2.26460612
-3.15450495  0.36027   
-2.09748261  1.67566237
 1.09321698  2.29593591
-1.01333102  1.45350517
 0.86422152  1.95188789
-1.07213226  1.43746305
 0.49181814  2.22743469
-1.5202077   1.31456432
-2.39627493  2.8593294 
-0.66495802  3.21141513
-1.64593439  0.71062608
 1.39910791  2.88378923
-1.16193132  3.98273208
 1.45418726  1.44609061
 1.84169822  0.91307219
-1.49026939  2.26287713
-1.43061155  1.62411381
-0.73219039  1.55531366
-2.96699319  2.05152299
 0.52866519  1.85127364
-0.82741704  1.06356384
 1.50695399  2.57958042
 2.43896822  2.76969855
-0.03485861  0.06155045
 5.21273523  0.68119667
-4.20897764  2.32714535
 0.05697062  1.31897091
-2.58670439  1.09310371
 0.02146735  2.12343023
-2.28219026  3.20834894
 0.19763941  0.80535835
-0.01911731  2.09780216
-2.12215226  3.51485367
-2.2575366   1.90773398
 2.25816006  1.09677927
 1.82109098  1.870671  
 0.45543925  2.13633305
-1.34644936  3.04913876
 1.82739795  1.83957009
 2.32190048  3.48927579
-3.06040715  3.27735918
-2.27063464  0.450957  
-7.73514215  1.77728958
 0.86841869  1.95701467
 2.41310261  1.45084679
 0.08003158  4.50250693
-0.7280401   1.09235687
 1.26240516  2.26231891
-0.85002459  2.65728661
 0.18961794  4.06205717
 1.66729863  1.64993002
-0.87500963  2.59681943
-0.21442203 -0.17571534
 0.88830649  2.50822644
 2.68725447  1.91129728
 0.565391    1.32325156
-1.72439426  1.37800359
-1.31455041  1.94220949
 2.67150806  3.41590433
-0.14186431  1.99665907
-1.36539762  3.24524595
-0.40423977  1.71122515
 2.41286803  1.68653961
