500 2
-1.29743259 -2.48548172
-2.47796871 -0.10848891
-0.75787975 3.0661525 
2.92603597 -3.50442239
-0.32241682 3.72152345
5.69287319 5.17254101
2.44705715 -5.71802307
9.59072539 -3.71156672
-0.37289657 -2.95970689
11.73468675 -2.00124364
6.39117368 2.4076904 
9.03923196 1.05367971
-2.04337965 1.18662168
2.56861135 -3.66208368
-0.20047918 1.37391744
-1.2236302 2.89301636
6.90862466 1.4969691 
6.04916189 -4.70977232
0.25452062 -2.3055638 
7.2562396 -5.36781534
6.41956599 -1.64217914
0.49461792 -3.33121577
4.86998516 -6.90797051
3.96517839 -2.66588003
4.03633761 2.49044134
3.85318325 0.37613846
7.21779604 8.59090175
-2.16732907 -4.26042767
3.81426845 -1.14066118
5.39441935 -7.64791257
3.74518547 4.68991471
0.18762792 -4.80376993
0.59006808 -1.42407443
4.08623096 -1.11099848
6.29801715 2.86691125
-0.41920925 -1.1190247 
8.48717064 3.13686862
2.87911947 0.91209888
0.87362766 -2.0654826 
4.62288856 0.46025785
5.83856378 -1.31343251
0.97359453 -2.05367267
4.07683202 4.12353588
2.63813333 1.36119493
3.39612352 -0.90505453
-1.27815771 1.78782272
2.31019146 -1.25932158
-0.23107562 -0.12811072
-1.77224223 -0.98543243
2.34253271 -5.9517403 
2.48210543 -2.74790924
1.76788016 -2.76229712
6.43264701 -3.35862211
5.07525571 6.00705532
0.96586549 2.40810309
7.07523733 -5.86669302
5.09204489 3.89290318
0.27519894 -6.15555937
3.51223354 -0.41649528
-3.96188213 -3.7305774 
5.66653858 -1.19271083
4.21491855 -3.16576227
4.69665471 -0.69499309
-2.00446472 -3.75768571
4.6575147 -8.73133106
0.63789252 -3.3247225 
7.33342516 -2.43481964
4.44981763 8.6937133 
2.32084217 0.00943639
3.47219757 0.46974477
5.42296083 -0.59556042
3.05289734 0.95504278
1.1976139 -6.40718076
0.13362305 2.07544476
10.04163403 7.64222525
2.03043661 0.43700651
4.92262196 -4.88314276
2.07137008 -2.50963211
5.1925951 -1.64791383
6.44628222 -0.96775267
-1.54904549 4.57572265
-2.13315563 -6.26057931
2.9278154 -0.06484286
1.65179631 -6.55569922
8.58525355 -4.1119514 
3.86089083 -1.59452099
8.70702103 -0.90579552
3.91688929 -1.65479101
3.6148087 -8.55322059
9.35179548 -4.1816622 
12.00290628 2.69586772
1.56832019 -1.01843766
2.27707641 -1.09174794
5.35466397 0.76858227
4.99462395 -1.4832034 
-2.90269393 2.62675672
2.01161625 -10.45890704
4.7677655 5.03357502
8.96567732 -3.5812327 
2.71417876 1.92006399
1.7197067 -1.5841971 
5.41835293 -0.15446963
0.54435255 -0.02285976
11.88176964 -7.32122197
6.70549914 -4.97332879
2.01370589 -3.67892531
3.85601247 0.88208004
-0.30408158 2.70258172
2.36988895 -4.3548418 
6.52636045 -0.59906713
-2.97667877 -4.05453544
-6.80553375 1.00631186
1.67095358 -0.70629819
4.59068728 -3.22272747
-0.32990329 -4.73885178
13.97184736 4.25132757
1.98875652 4.0204131 
3.13032096 -5.97870798
3.66409873 -2.86917975
5.18004891 1.93151217
0.48095846 -2.98641911
-0.24563876 -1.51311868
4.71920489 6.47709029
1.36932374 -4.59122006
8.70411604 -3.36490972
-0.47436437 1.26343173
2.36315106 -1.03341755
7.48579923 -1.0021643 
9.5174579 -8.02811749
-0.17686439 -1.90396755
0.68794085 2.10988976
1.69899323 -0.40902965
5.78651771 0.21395984
6.41177661 0.07599552
3.11539487 -5.49946348
2.15160698 -0.05025063
3.00628067 -2.92450575
4.70591524 0.57794405
5.49071972 -5.35643359
0.12626232 0.57882373
0.99456305 -4.5058087 
2.96463113 2.39435269
5.08572979 2.60091813
10.74315222 0.25123949
4.02875436 1.42762566
4.55407003 -8.36057172
-1.12791704 -1.08702442
7.02186527 -2.01654271
2.22599624 5.52113965
6.31195095 -10.78247853
-1.72824027 -6.1349707 
5.95349756 -0.81990486
-1.06449383 -3.71968475
6.54907874 1.86380255
-3.40205902 1.9667663 
5.16127992 -0.11202759
2.84855688 -3.18754391
3.36269575 -3.61647444
9.35808579 4.85972061
6.29416578 -0.96770829
-1.16539018 -3.38756431
-1.65299171 4.45005973
0.62429284 0.18599219
0.37292566 1.91766278
5.57714915 -3.43560404
2.67853292 -0.88853974
3.73086382 0.75508881
2.70103111 1.19733483
2.87769618 -0.5341413 
-1.2126859 -1.20244058
5.48962351 -4.58998897
4.73509511 3.15870783
9.27890035 0.23634291
4.17987375 -5.37135737
1.57442967 -8.72340779
13.66367847 1.49682372
1.73647742 -3.06156391
-1.69480094 1.06658486
4.22532088 4.84064776
2.10142351 0.89511398
1.28685223 -2.25370905
6.45527282 -2.91296962
1.40820214 -0.03049944
5.38162259 2.3017057 
4.62581686 0.4397492 
0.74083243 -5.99190246
4.2804015 -0.30312463
1.10774055 -8.69112358
-0.41199368 -1.11287022
2.01126681 -1.69420705
4.32914973 2.02208178
11.12890372 -0.16768071
3.44223702 -1.25493397
5.68166573 -0.50262474
-0.17433609 -1.75679202
-2.78645519 -5.09344818
8.54663102 -3.05575403
0.34606033 -5.7102772 
1.92998651 -2.76222254
3.80535196 -3.80159815
7.48025524 -1.42304689
-1.70744167 -3.40835536
0.76715746 -2.32635542
6.05364298 4.16888045
-1.28047331 -1.89508282
3.24988308 -3.29841255
0.1789965 -8.12779953
-3.25151451 -4.21980143
2.66618449 -11.40219419
5.62301904 -5.28931697
6.31419555 -0.42338084
3.4891376 0.45035412
-3.33702356 -3.58513312
1.46878419 -0.7608592 
0.59515247 5.75599751
5.00515242 -7.08062042
5.8959241 -3.07163235
0.94431863 -3.09619749
4.76374608 0.09408504
1.27744492 -4.51130489
4.96263004 -3.37109719
4.28060787 -1.73945408
2.56292279 -3.74709993
7.75692381 3.65881551
5.92838803 -2.20295421
6.09586207 -3.57533157
9.46218289 -0.2981867 
7.72172158 -3.80645208
3.8564772 -3.37507133
5.1728671 0.44404041
1.87816764 -7.00359544
6.89154498 5.46040701
-0.75611738 -3.34770819
7.1437416 -3.7486902 
5.28860033 -1.54549839
3.38526134 7.74719541
5.07660613 1.61799773
2.37787389 3.8340262 
11.02231595 -1.55599428
0.65777217 -1.16384294
9.43813235 -4.61916871
1.35435586 -0.64980736
2.08694775 -4.4116068 
2.59063578 -5.65233198
2.85005805 0.43737535
4.43206064 -6.98268037
1.48918278 -9.34706826
6.47592747 1.22590585
0.68797445 0.43964247
9.33319655 -1.77756962
1.93291078 -2.65241448
-0.21174954 1.67716337
6.83603356 -4.03442107
0.66700385 -5.69292955
2.56210273 3.32303451
1.80115125 -1.29953805
9.71560973 -3.6566823 
3.91270458 0.06916872
3.68048865 -5.02934411
3.29437235 -6.33156395
0.63187384 -4.96734592
4.73082924 -3.27238045
3.78069535 -6.29411682
3.48139335 0.08727594
-2.14979462 2.24060477
6.52668704 3.03074677
7.02284487 -2.1351446 
5.53985875 -3.65235145
3.65084486 -3.66937532
2.80368363 -1.16699036
6.02440151 -6.02603076
5.8953526 -6.46637331
-0.52765372 -4.33364633
-0.07612221 -3.10128778
-2.11925472 4.0898121 
1.94209725 -2.20831199
1.96725335 5.15819864
6.16130486 5.74250214
-0.17033859 -1.47282635
5.0479847 -8.74746275
5.37199054 -3.7757906 
2.63954371 1.05383118
2.00598177 1.65297904
4.391049 0.11174436
2.94785564 1.14068732
4.27604588 -0.55414771
7.62707744 -3.76039866
2.64774156 1.70845542
-3.3489348 0.154611 
2.557721 -6.34293833
-0.29036712 -2.17116178
2.42113087 2.03688637
1.87340261 3.96609827
1.84747054 0.72294174
3.13465961 -0.37954824
3.48901241 -2.36877504
-0.81431598 -6.60227711
1.07166949 -7.06755609
2.60360701 1.41140694
4.71229352 3.87016438
11.57163911 0.89575241
2.74367003 -1.81002905
2.88011388 -3.1954283 
4.785475 -0.19519324
0.94779183 -4.96378957
1.62719829 3.00830312
10.33312212 2.80642681
5.55845754 -0.68374246
5.37417353 -5.85779815
-4.12729664 -1.62134717
6.17102796 -3.27211512
0.8466967 -0.54472612
-2.03744975 -5.86949494
5.11118049 0.49590515
-1.60354921 2.67977895
1.92664229 -7.78943984
-0.70124559 -4.38375635
7.55455807 -4.42645823
0.65176654 2.69339924
-2.83018461 -0.4694596 
-0.87912441 -1.78065052
11.40501554 3.44711002
0.72812749 0.80077953
4.6235119 -1.31764018
5.52130459 -1.72747229
2.36584441 3.15519453
11.16412198 -1.6796185 
6.66863691 -4.27355788
-3.45078519 2.78945157
5.17286127 -2.45190179
2.98160345 -2.81726649
3.30505769 -8.44386695
6.97822814 -2.59229264
9.90989199 -2.23902985
8.19552252 -2.78760262
-0.60843208 1.42227237
3.48590655 4.70301113
9.0140791 -1.75148355
2.00799583 1.11820145
2.04427125 0.40832213
0.04095801 -2.84971075
-2.62775942 -2.46127237
3.35189455 -7.01731947
-3.73032713 0.07258409
6.58837817 -1.61974786
8.15466331 0.24278067
1.84468487 -3.4603149 
-1.41512329 -2.33039695
3.62341191 -4.25662247
4.88391073 0.763808 
6.41042268 -6.13445455
-0.07122075 -8.24732403
7.95932643 -2.87100501
2.46290491 3.81382312
0.89742378 -6.57546007
2.14555688 -1.73861936
7.44711623 -1.7430002 
1.43061133 0.78509925
-1.85842098 -2.73506271
2.56651114 0.28305491
2.88790979 1.35002779
5.40848391 -1.04081647
0.09481428 -0.53447612
7.07730047 -2.51601029
3.90524195 0.27162063
3.76571587 -2.91533955
-2.7609429 -7.73249999
0.26903459 3.02732006
0.69935729 -1.79048287
6.89248624 3.52180744
4.65414062 2.01738885
8.24780975 -5.37749555
-1.70754121 -1.60130075
1.38198584 1.81391448
2.35524209 -4.95720418
5.42816375 2.2227552 
1.3681882 2.36708285
4.88958471 7.68574786
3.01080466 -3.04587414
6.54530388 0.99951717
1.15529461 -2.5532785 
2.94080456 6.55882153
0.02478533 -4.60716057
3.33482187 -3.87688674
5.20759495 -0.63066193
3.77213894 -5.4411228 
1.56941609 1.80775092
-3.50343345 -0.94736648
6.53344016 -0.92272297
1.84135992 2.26120612
0.10093164 -5.09358319
4.7152841 -0.48275307
0.66498077 -5.09868716
0.7767256 3.74260747
7.76346999 -3.43592182
5.00248309 7.5790312 
-1.04278518 0.14562015
3.66975335 -1.32227602
6.360626 0.47437671
1.9044941 -2.37718294
9.42038829 -1.67946193
6.51510499 1.79207229
4.97356863 -1.21350834
0.13627693 -3.1495062 
5.39581121 -2.72018727
6.70758289 -1.85885249
8.08606508 3.4076576 
5.22941708 -3.37431741
9.56761005 2.83598446
4.54318675 -3.96172175
-1.27432877 -4.71571567
-0.81617559 4.01444169
2.25924454 -6.14655217
5.13585834 -3.48079288
1.28474285 -0.02785798
1.20980158 -2.78211144
4.20254161 -2.61358075
5.72370724 -1.05600051
-2.23173827 0.43100247
7.82783005 -7.58004088
-0.68088359 0.70454008
3.54868577 -3.26525677
1.02457503 -0.17728291
-1.0958456 -0.61300015
4.35416915 0.18686758
-0.46085635 -0.25029938
11.79195861 -4.40932937
2.68235733 -5.00119776
2.61966404 0.43145409
0.08418613 4.32225986
4.43157303 -0.00955122
3.50909556 -2.8148032 
3.58105355 -4.89737518
1.80841796 -3.51418807
10.21307434 3.00900624
3.19618447 -3.71219377
6.34261046 -4.53403574
-0.55997458 2.12734124
2.8805524 -3.69529379
8.54904006 2.20189046
5.7524255 -0.13347816
3.31987712 0.04114632
9.45194577 -5.67962395
3.47290981 -6.53036686
3.4749739 5.23880161
3.15482741 -3.36843094
1.9502585 -5.17015147
6.69145465 -0.83968666
2.75270989 3.19416971
7.00913188 -2.44031236
6.02961759 5.34561637
1.0611296 3.75631287
4.73899333 -0.86344898
5.26834338 5.46563045
3.71806279 8.32855626
1.31891847 -4.70560294
4.70449968 1.77354369
-0.06761677 -1.7684242 
1.84628811 -0.0044917 
2.52694443 -5.68376916
-0.60723867 6.0332005 
6.5509446 -1.86474621
2.57532809 -4.14814294
-1.73937186 3.98647234
3.37653529 -2.43554254
2.83740464 -6.25058148
3.01855456 -2.39537143
9.21828204 3.25957437
-0.18946272 2.55831481
7.70807595 -8.73080611
1.7712364 -3.98934074
4.65962671 -5.6786243 
7.01083122 -5.68807784
3.28200764 -2.44401664
0.5015256 -0.7559416 
4.51702965 0.17282856
1.68914991 -2.27494268
3.88382727 -8.49857763
3.56389902 -1.67542593
4.64620319 -1.20728192
0.96853303 -2.11376443
1.09987894 -0.00836033
-0.60914331 2.76379568
-1.31407156 -0.58244453
-0.14290715 0.96019123
3.93683892 -2.17163326
-1.44368294 0.69008356
4.93300624 0.7077591 
5.3238779 -4.5138075 
3.41516448 2.90715897
8.83581991 -1.88958246
3.8690774 -3.0540212 
0.33287222 -2.92616785
5.63887071 -6.79727017
6.05645134 -0.33515443
2.13583742 -4.24791923
4.82319582 -1.10511413
-0.33772538 -3.53711317
5.1306442 -8.47767023
7.98963222 -4.42764159
